0 0
1 1
2 2
3 3
4 4
5 5
6 6
7 7
8 8
9 9
10 10
11 11
12 12
13 13
14 14
15 15
16 16
17 17
18 18
19 19
20 20
21 21
22 22
23 23
24 24
25 25
26 26
27 27
28 28
29 29
30 30
31 31
32 32
33 33
34 34
35 35
36 36
37 37
38 38
39 39
40 40
41 41
42 42
43 43
44 44
45 45
46 46
47 47
48 48
49 49
50 50
51 51
52 52
53 53
54 54
55 55
56 56
57 57
58 58
59 59
60 60
61 61
62 62
63 63
64 64
65 65
66 66
67 67
68 68
69 69
70 70
71 71
72 72
73 73
74 74
75 75
76 76
77 77
78 78
79 79
80 80
81 81
82 82
83 83
84 84
85 85
86 86
87 87
88 88
89 89
90 90
91 91
92 92
93 93
94 94
95 95
96 96
97 97
98 98
99 99
100 100
101 101
102 102
103 103
104 104
105 105
106 106
107 107
108 108
109 109
110 110
111 111
112 112
113 113
114 114
115 115
116 116
117 117
118 118
119 119
120 120
121 121
122 122
123 123
124 124
125 125
126 126
127 127
128 128
129 129
130 130
131 131
132 132
133 133
134 134
135 135
136 136
137 137
138 138
139 139
140 140
141 141
142 142
143 143
144 144
145 145
146 146
147 147
148 148
149 149
150 150
151 151
152 152
153 153
154 154
155 155
156 156
157 157
158 158
159 159
160 160
161 161
162 162
163 163
164 164
165 165
166 166
167 167
168 168
169 169
170 170
171 171
172 172
173 173
174 174
175 175
176 176
177 177
178 178
179 179
180 180
181 181
182 182
183 183
184 184
185 185
186 186
187 187
188 188
189 189
190 190
191 191
192 192
193 193
194 194
195 195
196 196
197 197
198 198
199 199
200 200
201 201
202 202
203 203
204 204
205 205
206 206
207 207
208 208
209 209
210 210
211 211
212 212
213 213
214 214
215 215
216 216
217 217
218 218
219 219
220 220
221 221
222 222
223 223
224 224
225 225
226 226
227 227
228 228
229 229
230 230
231 231
232 232
233 233
234 234
235 235
236 236
237 237
238 238
239 239
240 240
241 241
242 242
243 243
244 244
245 245
246 246
247 247
248 248
249 249
250 250
251 251
252 252
253 253
254 254
255 255
256 256
257 257
258 258
259 259
260 260
261 261
262 262
263 263
264 264
265 265
266 266
267 267
268 268
269 269
270 270
271 271
272 272
273 273
274 274
275 275
276 276
277 277
278 278
279 279
280 280
281 281
282 282
283 283
284 284
285 285
286 286
287 287
288 288
289 289
290 290
291 291
292 292
293 293
294 294
295 295
296 296
297 297
298 298
299 299
300 300
301 301
302 302
303 303
304 304
305 305
306 306
307 307
308 308
309 309
310 310
311 311
312 312
313 313
314 314
315 315
316 316
317 317
318 318
319 319
320 320
321 321
322 322
323 323
324 324
325 325
326 326
327 327
328 328
329 329
330 330
331 331
332 332
333 333
334 334
335 335
336 336
337 337
338 338
339 339
340 340
341 341
342 342
343 343
344 344
345 345
346 346
347 347
348 348
349 349
350 350
351 351
352 352
353 353
354 354
355 355
356 356
357 357
358 358
359 359
360 360
361 361
362 362
363 363
364 364
365 365
366 366
367 367
368 368
369 369
370 370
371 371
372 372
373 373
374 374
375 375
376 376
377 377
378 378
379 379
380 380
381 381
382 382
383 383
384 384
385 385
386 386
387 387
388 388
389 389
390 390
391 391
392 392
393 393
394 394
395 395
396 396
397 397
398 398
399 399
400 400
401 401
402 402
403 403
404 404
405 405
406 406
407 407
408 408
409 409
410 410
411 411
412 412
413 413
414 414
415 415
416 416
417 417
418 418
419 419
420 420
421 421
422 422
423 423
424 424
425 425
426 426
427 427
428 428
429 429
430 430
431 431
432 432
433 433
434 434
435 435
436 436
437 437
438 438
439 439
440 440
441 441
442 442
443 443
444 444
445 445
446 446
447 447
448 448
449 449
450 450
451 451
452 452
453 453
454 454
455 455
456 456
457 457
458 458
459 459
460 460
461 461
462 462
463 463
464 464
465 465
466 466
467 467
468 468
469 469
470 470
471 471
472 472
473 473
474 474
475 475
476 476
477 477
478 478
479 479
480 480
481 481
482 482
483 483
484 484
485 485
486 486
487 487
488 488
489 489
490 490
491 491
492 492
493 493
494 494
495 495
496 496
497 497
498 498
499 499
500 500
501 501
502 502
503 503
504 504
505 505
506 506
507 507
508 508
509 509
510 514
511 511
512 520
513 521
514 522
515 523
516 524
517 525
518 526
519 527
520 528
521 529
522 530
523 531
524 532
525 533
526 534
527 535
528 536
529 537
530 538
531 539
532 540
533 541
534 542
535 543
536 544
537 545
538 546
539 547
540 548
541 549
542 550
543 551
544 552
545 553
546 554
547 555
548 556
549 557
550 558
551 559
552 560
553 561
554 562
555 563
556 564
557 565
558 566
559 567
560 568
561 569
562 570
563 571
564 572
565 573
566 574
567 575
568 576
569 577
570 578
571 579
572 580
573 581
574 582
575 583
576 584
577 585
578 586
579 587
580 588
581 589
582 590
583 591
584 592
585 593
586 594
587 595
588 596
589 597
590 598
591 599
592 600
593 601
594 602
595 603
596 604
597 605
598 606
599 607
600 608
601 609
602 610
603 611
604 612
605 613
606 614
607 615
608 616
609 617
610 618
611 619
612 620
613 621
614 622
615 623
616 624
617 625
618 626
619 627
620 628
621 629
622 630
623 631
624 632
625 633
626 634
627 635
628 636
629 637
630 638
631 639
632 640
633 641
634 642
635 643
636 644
637 645
638 646
639 647
640 648
641 649
642 650
643 651
644 652
645 653
646 654
647 655
648 656
649 657
650 658
651 659
652 660
653 661
654 662
655 663
656 664
657 665
658 666
659 667
660 668
661 669
662 670
663 671
664 672
665 673
666 674
667 675
668 676
669 677
670 678
671 679
672 680
673 681
674 682
675 683
676 684
677 685
678 686
679 687
680 688
681 689
682 690
683 691
684 692
685 693
686 694
687 695
688 696
689 697
690 698
691 699
692 700
693 701
694 702
695 703
696 704
697 705
698 706
699 707
700 708
701 709
702 710
703 711
704 712
705 713
706 714
707 715
708 716
709 717
710 718
711 719
712 720
713 721
714 722
715 723
716 724
717 725
718 726
719 727
720 728
721 729
722 730
723 731
724 732
725 733
726 734
727 735
728 736
729 737
730 738
731 739
732 740
733 741
734 742
735 743
736 744
737 745
738 746
739 747
740 748
741 749
742 750
743 751
744 752
745 753
746 754
747 755
748 756
749 757
750 758
751 759
752 760
753 761
754 762
755 763
756 764
757 765
758 766
759 767
760 768
761 769
762 770
763 771
764 772
765 773
766 774
767 775
768 776
769 777
770 778
771 779
772 780
773 781
774 782
775 783
776 784
777 785
778 786
779 787
780 788
781 789
782 790
783 791
784 792
785 793
786 794
787 795
788 796
789 797
790 798
791 799
792 800
793 801
794 802
795 803
796 804
797 805
798 806
799 807
800 808
801 809
802 810
803 811
804 812
805 813
806 814
807 815
808 816
809 817
810 818
811 819
812 820
813 821
814 822
815 823
816 824
817 825
818 826
819 827
820 828
821 829
822 830
823 831
824 832
825 833
826 834
827 835
828 836
829 837
830 838
831 839
832 840
833 841
834 842
835 843
836 844
837 845
838 846
839 847
840 848
841 849
842 850
843 851
844 852
845 853
846 854
847 855
848 856
849 857
850 858
851 859
852 860
853 861
854 862
855 863
856 864
857 865
858 866
859 867
860 868
861 869
862 870
863 871
864 872
865 873
866 874
867 875
868 876
869 877
870 878
871 879
872 880
873 881
874 882
875 883
876 884
877 885
878 886
879 887
880 888
881 889
882 890
883 891
884 892
885 893
886 894
887 895
888 896
889 897
890 898
891 899
892 900
893 901
894 902
895 903
896 904
897 905
898 906
899 907
900 908
901 909
902 910
903 911
904 912
905 913
906 914
907 915
908 916
909 917
910 918
911 919
912 920
913 921
914 922
915 923
916 924
917 925
918 926
919 927
920 928
921 929
922 930
923 931
924 932
925 933
926 934
927 935
928 936
929 937
930 938
931 939
932 940
933 941
934 942
935 943
936 944
937 945
938 946
939 947
940 948
941 949
942 950
943 951
944 952
945 953
946 954
947 955
948 956
949 957
950 958
951 959
952 960
953 961
954 962
955 963
956 964
957 965
958 966
959 967
960 968
961 969
962 970
963 971
964 972
965 973
966 974
967 975
968 976
969 977
970 978
971 979
972 980
973 981
974 982
975 983
976 984
977 985
978 986
979 987
980 988
981 989
982 990
983 991
984 992
985 993
986 994
987 995
988 996
989 997
990 998
991 999
992 1000
993 1001
994 1002
995 1003
996 1004
997 1005
998 1006
999 1007
1000 1008
1001 1009
1002 1010
1003 1011
1004 1012
1005 1013
1006 1014
1007 1015
1008 1016
1009 1017
1010 1018
1011 1019
1012 1020
1013 1021
1014 1022
1015 1023
1016 1024
1017 1025
1018 1026
1019 1027
1020 1028
1021 1033
1022 1030
1023 1031
1024 1032
1025 1033
1026 1034
1027 1035
1028 1036
1029 1037
1030 1038
1031 1039
1032 1040
1033 1041
1034 1042
1035 1043
1036 1044
1037 1045
1038 1046
1039 1047
1040 1048
1041 1049
1042 1050
1043 1051
1044 1052
1045 1053
1046 1054
1047 1055
1048 1056
1049 1057
1050 1058
1051 1059
1052 1060
1053 1061
1054 1062
1055 1063
1056 1064
1057 1065
1058 1066
1059 1067
1060 1068
1061 1069
1062 1070
1063 1071
1064 1072
1065 1073
1066 1074
1067 1075
1068 1076
1069 1077
1070 1078
1071 1079
1072 1080
1073 1081
1074 1082
1075 1083
1076 1084
1077 1085
1078 1086
1079 1087
1080 1088
1081 1089
1082 1090
1083 1091
1084 1092
1085 1093
1086 1094
1087 1095
1088 1096
1089 1097
1090 1098
1091 1099
1092 1100
1093 1101
1094 1102
1095 1103
1096 1104
1097 1105
1098 1106
1099 1107
1100 1108
1101 1109
1102 1110
1103 1111
1104 1112
1105 1113
1106 1114
1107 1115
1108 1116
1109 1117
1110 1118
1111 1119
1112 1120
1113 1121
1114 1122
1115 1123
1116 1124
1117 1125
1118 1126
1119 1127
1120 1128
1121 1129
1122 1130
1123 1131
1124 1132
1125 1133
1126 1134
1127 1135
1128 1136
1129 1137
1130 1138
1131 1139
1132 1140
1133 1141
1134 1142
1135 1143
1136 1144
1137 1145
1138 1146
1139 1147
1140 1148
1141 1149
1142 1150
1143 1151
1144 1152
1145 1153
1146 1154
1147 1155
1148 1156
1149 1157
1150 1158
1151 1159
1152 1160
1153 1161
1154 1162
1155 1163
1156 1164
1157 1165
1158 1166
1159 1167
1160 1168
1161 1169
1162 1170
1163 1171
1164 1172
1165 1173
1166 1174
1167 1175
1168 1176
1169 1177
1170 1178
1171 1179
1172 1180
1173 1181
1174 1182
1175 1183
1176 1184
1177 1185
1178 1186
1179 1187
1180 1188
1181 1189
1182 1190
1183 1191
1184 1192
1185 1193
1186 1194
1187 1195
1188 1196
1189 1197
1190 1198
1191 1199
1192 1200
1193 1201
1194 1202
1195 1203
1196 1204
1197 1205
1198 1206
1199 1207
1200 1208
1201 1209
1202 1210
1203 1211
1204 1212
1205 1213
1206 1214
1207 1215
1208 1216
1209 1217
1210 1218
1211 1219
1212 1220
1213 1221
1214 1222
1215 1223
1216 1224
1217 1225
1218 1226
1219 1227
1220 1228
1221 1229
1222 1230
1223 1231
1224 1232
1225 1233
1226 1234
1227 1235
1228 1236
1229 1237
1230 1238
1231 1239
1232 1240
1233 1241
1234 1242
1235 1243
1236 1244
1237 1245
1238 1246
1239 1247
1240 1248
1241 1249
1242 1250
1243 1251
1244 1252
1245 1253
1246 1254
1247 1255
1248 1256
1249 1257
1250 1258
1251 1259
1252 1260
1253 1261
1254 1262
1255 1263
1256 1264
1257 1265
1258 1266
1259 1267
1260 1268
1261 1269
1262 1270
1263 1271
1264 1272
1265 1273
1266 1274
1267 1275
1268 1276
1269 1277
1270 1278
1271 1279
1272 1280
1273 1281
1274 1282
1275 1283
1276 1284
1277 1285
1278 1286
1279 1287
1280 1288
1281 1289
1282 1290
1283 1291
1284 1292
1285 1293
1286 1294
1287 1295
1288 1296
1289 1297
1290 1298
1291 1299
1292 1300
1293 1301
1294 1302
1295 1303
1296 1304
1297 1305
1298 1306
1299 1307
1300 1308
1301 1309
1302 1310
1303 1311
1304 1312
1305 1313
1306 1314
1307 1315
1308 1316
1309 1317
1310 1318
1311 1319
1312 1320
1313 1321
1314 1322
1315 1323
1316 1324
1317 1325
1318 1326
1319 1327
1320 1328
1321 1329
1322 1330
1323 1331
1324 1332
1325 1333
1326 1334
1327 1335
1328 1336
1329 1337
1330 1338
1331 1339
1332 1340
1333 1341
1334 1342
1335 1343
1336 1344
1337 1345
1338 1346
1339 1347
1340 1348
1341 1349
1342 1350
1343 1351
1344 1352
1345 1353
1346 1354
1347 1355
1348 1356
1349 1357
1350 1358
1351 1359
1352 1360
1353 1361
1354 1362
1355 1363
1356 1364
1357 1365
1358 1366
1359 1367
1360 1368
1361 1369
1362 1370
1363 1371
1364 1372
1365 1373
1366 1374
1367 1375
1368 1376
1369 1377
1370 1378
1371 1379
1372 1380
1373 1381
1374 1382
1375 1383
1376 1384
1377 1385
1378 1386
1379 1387
1380 1388
1381 1389
1382 1390
1383 1391
1384 1392
1385 1393
1386 1394
1387 1395
1388 1396
1389 1397
1390 1398
1391 1399
1392 1400
1393 1401
1394 1402
1395 1403
1396 1404
1397 1405
1398 1406
1399 1407
1400 1408
1401 1409
1402 1410
1403 1411
1404 1412
1405 1413
1406 1414
1407 1415
1408 1416
1409 1417
1410 1418
1411 1419
1412 1420
1413 1421
1414 1422
1415 1423
1416 1424
1417 1425
1418 1426
1419 1427
1420 1428
1421 1429
1422 1430
1423 1431
1424 1432
1425 1433
1426 1434
1427 1435
1428 1436
1429 1437
1430 1438
1431 1439
1432 1440
1433 1441
1434 1442
1435 1443
1436 1444
1437 1445
1438 1446
1439 1447
1440 1448
1441 1449
1442 1450
1443 1451
1444 1452
1445 1453
1446 1454
1447 1455
1448 1456
1449 1457
1450 1458
1451 1459
1452 1460
1453 1461
1454 1462
1455 1463
1456 1464
1457 1465
1458 1466
1459 1467
1460 1468
1461 1469
1462 1470
1463 1471
1464 1472
1465 1473
1466 1474
1467 1475
1468 1476
1469 1477
1470 1478
1471 1479
1472 1480
1473 1481
1474 1482
1475 1483
1476 1484
1477 1485
1478 1486
1479 1487
1480 1488
1481 1489
1482 1490
1483 1491
1484 1492
1485 1493
1486 1494
1487 1495
1488 1496
1489 1497
1490 1498
1491 1499
1492 1500
1493 1501
1494 1502
1495 1503
1496 1504
1497 1505
1498 1506
1499 1507
1500 1508
1501 1509
1502 1510
1503 1511
1504 1512
1505 1513
1506 1514
1507 1515
1508 1516
1509 1517
1510 1518
1511 1519
1512 1520
1513 1521
1514 1522
1515 1523
1516 1524
1517 1525
1518 1526
1519 1527
1520 1528
1521 1529
1522 1530
1523 1531
1524 1532
1525 1533
1526 1534
1527 1535
1528 1536
1529 1537
1530 1538
1531 1539
1532 1544
1533 1541
1534 1542
1535 1543
1536 1552
1537 1553
1538 1554
1539 1555
1540 1556
1541 1557
1542 1558
1543 1559
1544 1560
1545 1561
1546 1562
1547 1563
1548 1564
1549 1565
1550 1566
1551 1567
1552 1568
1553 1569
1554 1570
1555 1571
1556 1572
1557 1573
1558 1574
1559 1575
1560 1576
1561 1577
1562 1578
1563 1579
1564 1580
1565 1581
1566 1582
1567 1583
1568 1584
1569 1585
1570 1586
1571 1587
1572 1588
1573 1589
1574 1590
1575 1591
1576 1592
1577 1593
1578 1594
1579 1595
1580 1596
1581 1597
1582 1598
1583 1599
1584 1600
1585 1601
1586 1602
1587 1603
1588 1604
1589 1605
1590 1606
1591 1607
1592 1608
1593 1609
1594 1610
1595 1611
1596 1612
1597 1613
1598 1614
1599 1615
1600 1616
1601 1617
1602 1618
1603 1619
1604 1620
1605 1621
1606 1622
1607 1623
1608 1624
1609 1625
1610 1626
1611 1627
1612 1628
1613 1629
1614 1630
1615 1631
1616 1632
1617 1633
1618 1634
1619 1635
1620 1636
1621 1637
1622 1638
1623 1639
1624 1640
1625 1641
1626 1642
1627 1643
1628 1644
1629 1645
1630 1646
1631 1647
1632 1648
1633 1649
1634 1650
1635 1651
1636 1652
1637 1653
1638 1654
1639 1655
1640 1656
1641 1657
1642 1658
1643 1659
1644 1660
1645 1661
1646 1662
1647 1663
1648 1664
1649 1665
1650 1666
1651 1667
1652 1668
1653 1669
1654 1670
1655 1671
1656 1672
1657 1673
1658 1674
1659 1675
1660 1676
1661 1677
1662 1678
1663 1679
1664 1680
1665 1681
1666 1682
1667 1683
1668 1684
1669 1685
1670 1686
1671 1687
1672 1688
1673 1689
1674 1690
1675 1691
1676 1692
1677 1693
1678 1694
1679 1695
1680 1696
1681 1697
1682 1698
1683 1699
1684 1700
1685 1701
1686 1702
1687 1703
1688 1704
1689 1705
1690 1706
1691 1707
1692 1708
1693 1709
1694 1710
1695 1711
1696 1712
1697 1713
1698 1714
1699 1715
1700 1716
1701 1717
1702 1718
1703 1719
1704 1720
1705 1721
1706 1722
1707 1723
1708 1724
1709 1725
1710 1726
1711 1727
1712 1728
1713 1729
1714 1730
1715 1731
1716 1732
1717 1733
1718 1734
1719 1735
1720 1736
1721 1737
1722 1738
1723 1739
1724 1740
1725 1741
1726 1742
1727 1743
1728 1744
1729 1745
1730 1746
1731 1747
1732 1748
1733 1749
1734 1750
1735 1751
1736 1752
1737 1753
1738 1754
1739 1755
1740 1756
1741 1757
1742 1758
1743 1759
1744 1760
1745 1761
1746 1762
1747 1763
1748 1764
1749 1765
1750 1766
1751 1767
1752 1768
1753 1769
1754 1770
1755 1771
1756 1772
1757 1773
1758 1774
1759 1775
1760 1776
1761 1777
1762 1778
1763 1779
1764 1780
1765 1781
1766 1782
1767 1783
1768 1784
1769 1785
1770 1786
1771 1787
1772 1788
1773 1789
1774 1790
1775 1791
1776 1792
1777 1793
1778 1794
1779 1795
1780 1796
1781 1797
1782 1798
1783 1799
1784 1800
1785 1801
1786 1802
1787 1803
1788 1804
1789 1805
1790 1806
1791 1807
1792 1808
1793 1809
1794 1810
1795 1811
1796 1812
1797 1813
1798 1814
1799 1815
1800 1816
1801 1817
1802 1818
1803 1819
1804 1820
1805 1821
1806 1822
1807 1823
1808 1824
1809 1825
1810 1826
1811 1827
1812 1828
1813 1829
1814 1830
1815 1831
1816 1832
1817 1833
1818 1834
1819 1835
1820 1836
1821 1837
1822 1838
1823 1839
1824 1840
1825 1841
1826 1842
1827 1843
1828 1844
1829 1845
1830 1846
1831 1847
1832 1848
1833 1849
1834 1850
1835 1851
1836 1852
1837 1853
1838 1854
1839 1855
1840 1856
1841 1857
1842 1858
1843 1859
1844 1860
1845 1861
1846 1862
1847 1863
1848 1864
1849 1865
1850 1866
1851 1867
1852 1868
1853 1869
1854 1870
1855 1871
1856 1872
1857 1873
1858 1874
1859 1875
1860 1876
1861 1877
1862 1878
1863 1879
1864 1880
1865 1881
1866 1882
1867 1883
1868 1884
1869 1885
1870 1886
1871 1887
1872 1888
1873 1889
1874 1890
1875 1891
1876 1892
1877 1893
1878 1894
1879 1895
1880 1896
1881 1897
1882 1898
1883 1899
1884 1900
1885 1901
1886 1902
1887 1903
1888 1904
1889 1905
1890 1906
1891 1907
1892 1908
1893 1909
1894 1910
1895 1911
1896 1912
1897 1913
1898 1914
1899 1915
1900 1916
1901 1917
1902 1918
1903 1919
1904 1920
1905 1921
1906 1922
1907 1923
1908 1924
1909 1925
1910 1926
1911 1927
1912 1928
1913 1929
1914 1930
1915 1931
1916 1932
1917 1933
1918 1934
1919 1935
1920 1936
1921 1937
1922 1938
1923 1939
1924 1940
1925 1941
1926 1942
1927 1943
1928 1944
1929 1945
1930 1946
1931 1947
1932 1948
1933 1949
1934 1950
1935 1951
1936 1952
1937 1953
1938 1954
1939 1955
1940 1956
1941 1957
1942 1958
1943 1959
1944 1960
1945 1961
1946 1962
1947 1963
1948 1964
1949 1965
1950 1966
1951 1967
1952 1968
1953 1969
1954 1970
1955 1971
1956 1972
1957 1973
1958 1974
1959 1975
1960 1976
1961 1977
1962 1978
1963 1979
1964 1980
1965 1981
1966 1982
1967 1983
1968 1984
1969 1985
1970 1986
1971 1987
1972 1988
1973 1989
1974 1990
1975 1991
1976 1992
1977 1993
1978 1994
1979 1995
1980 1996
1981 1997
1982 1998
1983 1999
1984 2000
1985 2001
1986 2002
1987 2003
1988 2004
1989 2005
1990 2006
1991 2007
1992 2008
1993 2009
1994 2010
1995 2011
1996 2012
1997 2013
1998 2014
1999 2015
2000 2016
2001 2017
2002 2018
2003 2019
2004 2020
2005 2021
2006 2022
2007 2023
2008 2024
2009 2025
2010 2026
2011 2027
2012 2028
2013 2029
2014 2030
2015 2031
2016 2032
2017 2033
2018 2034
2019 2035
2020 2036
2021 2037
2022 2038
2023 2039
2024 2040
2025 2041
2026 2042
2027 2043
2028 2044
2029 2045
2030 2046
2031 2047
2032 2048
2033 2049
2034 2050
2035 2051
2036 2052
2037 2053
2038 2054
2039 2055
2040 2056
2041 2057
2042 2058
2043 2063
2044 2060
2045 2061
2046 2062
2047 2063
2048 2064
2049 2065
2050 2066
2051 2067
2052 2068
2053 2069
2054 2070
2055 2071
2056 2072
2057 2073
2058 2074
2059 2075
2060 2076
2061 2077
2062 2078
2063 2079
2064 2080
2065 2081
2066 2082
2067 2083
2068 2084
2069 2085
2070 2086
2071 2087
2072 2088
2073 2089
2074 2090
2075 2091
2076 2092
2077 2093
2078 2094
2079 2095
2080 2096
2081 2097
2082 2098
2083 2099
2084 2100
2085 2101
2086 2102
2087 2103
2088 2104
2089 2105
2090 2106
2091 2107
2092 2108
2093 2109
2094 2110
2095 2111
2096 2112
2097 2113
2098 2114
2099 2115
2100 2116
2101 2117
2102 2118
2103 2119
2104 2120
2105 2121
2106 2122
2107 2123
2108 2124
2109 2125
2110 2126
2111 2127
2112 2128
2113 2129
2114 2130
2115 2131
2116 2132
2117 2133
2118 2134
2119 2135
2120 2136
2121 2137
2122 2138
2123 2139
2124 2140
2125 2141
2126 2142
2127 2143
2128 2144
2129 2145
2130 2146
2131 2147
2132 2148
2133 2149
2134 2150
2135 2151
2136 2152
2137 2153
2138 2154
2139 2155
2140 2156
2141 2157
2142 2158
2143 2159
2144 2160
2145 2161
2146 2162
2147 2163
2148 2164
2149 2165
2150 2166
2151 2167
2152 2168
2153 2169
2154 2170
2155 2171
2156 2172
2157 2173
2158 2174
2159 2175
2160 2176
2161 2177
2162 2178
2163 2179
2164 2180
2165 2181
2166 2182
2167 2183
2168 2184
2169 2185
2170 2186
2171 2187
2172 2188
2173 2189
2174 2190
2175 2191
2176 2192
2177 2193
2178 2194
2179 2195
2180 2196
2181 2197
2182 2198
2183 2199
2184 2200
2185 2201
2186 2202
2187 2203
2188 2204
2189 2205
2190 2206
2191 2207
2192 2208
2193 2209
2194 2210
2195 2211
2196 2212
2197 2213
2198 2214
2199 2215
2200 2216
2201 2217
2202 2218
2203 2219
2204 2220
2205 2221
2206 2222
2207 2223
2208 2224
2209 2225
2210 2226
2211 2227
2212 2228
2213 2229
2214 2230
2215 2231
2216 2232
2217 2233
2218 2234
2219 2235
2220 2236
2221 2237
2222 2238
2223 2239
2224 2240
2225 2241
2226 2242
2227 2243
2228 2244
2229 2245
2230 2246
2231 2247
2232 2248
2233 2249
2234 2250
2235 2251
2236 2252
2237 2253
2238 2254
2239 2255
2240 2256
2241 2257
2242 2258
2243 2259
2244 2260
2245 2261
2246 2262
2247 2263
2248 2264
2249 2265
2250 2266
2251 2267
2252 2268
2253 2269
2254 2270
2255 2271
2256 2272
2257 2273
2258 2274
2259 2275
2260 2276
2261 2277
2262 2278
2263 2279
2264 2280
2265 2281
2266 2282
2267 2283
2268 2284
2269 2285
2270 2286
2271 2287
2272 2288
2273 2289
2274 2290
2275 2291
2276 2292
2277 2293
2278 2294
2279 2295
2280 2296
2281 2297
2282 2298
2283 2299
2284 2300
2285 2301
2286 2302
2287 2303
2288 2304
2289 2305
2290 2306
2291 2307
2292 2308
2293 2309
2294 2310
2295 2311
2296 2312
2297 2313
2298 2314
2299 2315
2300 2316
2301 2317
2302 2318
2303 2319
2304 2320
2305 2321
2306 2322
2307 2323
2308 2324
2309 2325
2310 2326
2311 2327
2312 2328
2313 2329
2314 2330
2315 2331
2316 2332
2317 2333
2318 2334
2319 2335
2320 2336
2321 2337
2322 2338
2323 2339
2324 2340
2325 2341
2326 2342
2327 2343
2328 2344
2329 2345
2330 2346
2331 2347
2332 2348
2333 2349
2334 2350
2335 2351
2336 2352
2337 2353
2338 2354
2339 2355
2340 2356
2341 2357
2342 2358
2343 2359
2344 2360
2345 2361
2346 2362
2347 2363
2348 2364
2349 2365
2350 2366
2351 2367
2352 2368
2353 2369
2354 2370
2355 2371
2356 2372
2357 2373
2358 2374
2359 2375
2360 2376
2361 2377
2362 2378
2363 2379
2364 2380
2365 2381
2366 2382
2367 2383
2368 2384
2369 2385
2370 2386
2371 2387
2372 2388
2373 2389
2374 2390
2375 2391
2376 2392
2377 2393
2378 2394
2379 2395
2380 2396
2381 2397
2382 2398
2383 2399
2384 2400
2385 2401
2386 2402
2387 2403
2388 2404
2389 2405
2390 2406
2391 2407
2392 2408
2393 2409
2394 2410
2395 2411
2396 2412
2397 2413
2398 2414
2399 2415
2400 2416
2401 2417
2402 2418
2403 2419
2404 2420
2405 2421
2406 2422
2407 2423
2408 2424
2409 2425
2410 2426
2411 2427
2412 2428
2413 2429
2414 2430
2415 2431
2416 2432
2417 2433
2418 2434
2419 2435
2420 2436
2421 2437
2422 2438
2423 2439
2424 2440
2425 2441
2426 2442
2427 2443
2428 2444
2429 2445
2430 2446
2431 2447
2432 2448
2433 2449
2434 2450
2435 2451
2436 2452
2437 2453
2438 2454
2439 2455
2440 2456
2441 2457
2442 2458
2443 2459
2444 2460
2445 2461
2446 2462
2447 2463
2448 2464
2449 2465
2450 2466
2451 2467
2452 2468
2453 2469
2454 2470
2455 2471
2456 2472
2457 2473
2458 2474
2459 2475
2460 2476
2461 2477
2462 2478
2463 2479
2464 2480
2465 2481
2466 2482
2467 2483
2468 2484
2469 2485
2470 2486
2471 2487
2472 2488
2473 2489
2474 2490
2475 2491
2476 2492
2477 2493
2478 2494
2479 2495
2480 2496
2481 2497
2482 2498
2483 2499
2484 2500
2485 2501
2486 2502
2487 2503
2488 2504
2489 2505
2490 2506
2491 2507
2492 2508
2493 2509
2494 2510
2495 2511
2496 2512
2497 2513
2498 2514
2499 2515
2500 2516
2501 2517
2502 2518
2503 2519
2504 2520
2505 2521
2506 2522
2507 2523
2508 2524
2509 2525
2510 2526
2511 2527
2512 2528
2513 2529
2514 2530
2515 2531
2516 2532
2517 2533
2518 2534
2519 2535
2520 2536
2521 2537
2522 2538
2523 2539
2524 2540
2525 2541
2526 2542
2527 2543
2528 2544
2529 2545
2530 2546
2531 2547
2532 2548
2533 2549
2534 2550
2535 2551
2536 2552
2537 2553
2538 2554
2539 2555
2540 2556
2541 2557
2542 2558
2543 2559
2544 2560
2545 2561
2546 2562
2547 2563
2548 2564
2549 2565
2550 2566
2551 2567
2552 2568
2553 2569
2554 2574
2555 2571
2556 2572
2557 2573
2558 2574
2559 2575
2560 2584
2561 2585
2562 2586
2563 2587
2564 2588
2565 2589
2566 2590
2567 2591
2568 2592
2569 2593
2570 2594
2571 2595
2572 2596
2573 2597
2574 2598
2575 2599
2576 2600
2577 2601
2578 2602
2579 2603
2580 2604
2581 2605
2582 2606
2583 2607
2584 2608
2585 2609
2586 2610
2587 2611
2588 2612
2589 2613
2590 2614
2591 2615
2592 2616
2593 2617
2594 2618
2595 2619
2596 2620
2597 2621
2598 2622
2599 2623
2600 2624
2601 2625
2602 2626
2603 2627
2604 2628
2605 2629
2606 2630
2607 2631
2608 2632
2609 2633
2610 2634
2611 2635
2612 2636
2613 2637
2614 2638
2615 2639
2616 2640
2617 2641
2618 2642
2619 2643
2620 2644
2621 2645
2622 2646
2623 2647
2624 2648
2625 2649
2626 2650
2627 2651
2628 2652
2629 2653
2630 2654
2631 2655
2632 2656
2633 2657
2634 2658
2635 2659
2636 2660
2637 2661
2638 2662
2639 2663
2640 2664
2641 2665
2642 2666
2643 2667
2644 2668
2645 2669
2646 2670
2647 2671
2648 2672
2649 2673
2650 2674
2651 2675
2652 2676
2653 2677
2654 2678
2655 2679
2656 2680
2657 2681
2658 2682
2659 2683
2660 2684
2661 2685
2662 2686
2663 2687
2664 2688
2665 2689
2666 2690
2667 2691
2668 2692
2669 2693
2670 2694
2671 2695
2672 2696
2673 2697
2674 2698
2675 2699
2676 2700
2677 2701
2678 2702
2679 2703
2680 2704
2681 2705
2682 2706
2683 2707
2684 2708
2685 2709
2686 2710
2687 2711
2688 2712
2689 2713
2690 2714
2691 2715
2692 2716
2693 2717
2694 2718
2695 2719
2696 2720
2697 2721
2698 2722
2699 2723
2700 2724
2701 2725
2702 2726
2703 2727
2704 2728
2705 2729
2706 2730
2707 2731
2708 2732
2709 2733
2710 2734
2711 2735
2712 2736
2713 2737
2714 2738
2715 2739
2716 2740
2717 2741
2718 2742
2719 2743
2720 2744
2721 2745
2722 2746
2723 2747
2724 2748
2725 2749
2726 2750
2727 2751
2728 2752
2729 2753
2730 2754
2731 2755
2732 2756
2733 2757
2734 2758
2735 2759
2736 2760
2737 2761
2738 2762
2739 2763
2740 2764
2741 2765
2742 2766
2743 2767
2744 2768
2745 2769
2746 2770
2747 2771
2748 2772
2749 2773
2750 2774
2751 2775
2752 2776
2753 2777
2754 2778
2755 2779
2756 2780
2757 2781
2758 2782
2759 2783
2760 2784
2761 2785
2762 2786
2763 2787
2764 2788
2765 2789
2766 2790
2767 2791
2768 2792
2769 2793
2770 2794
2771 2795
2772 2796
2773 2797
2774 2798
2775 2799
2776 2800
2777 2801
2778 2802
2779 2803
2780 2804
2781 2805
2782 2806
2783 2807
2784 2808
2785 2809
2786 2810
2787 2811
2788 2812
2789 2813
2790 2814
2791 2815
2792 2816
2793 2817
2794 2818
2795 2819
2796 2820
2797 2821
2798 2822
2799 2823
2800 2824
2801 2825
2802 2826
2803 2827
2804 2828
2805 2829
2806 2830
2807 2831
2808 2832
2809 2833
2810 2834
2811 2835
2812 2836
2813 2837
2814 2838
2815 2839
2816 2840
2817 2841
2818 2842
2819 2843
2820 2844
2821 2845
2822 2846
2823 2847
2824 2848
2825 2849
2826 2850
2827 2851
2828 2852
2829 2853
2830 2854
2831 2855
2832 2856
2833 2857
2834 2858
2835 2859
2836 2860
2837 2861
2838 2862
2839 2863
2840 2864
2841 2865
2842 2866
2843 2867
2844 2868
2845 2869
2846 2870
2847 2871
2848 2872
2849 2873
2850 2874
2851 2875
2852 2876
2853 2877
2854 2878
2855 2879
2856 2880
2857 2881
2858 2882
2859 2883
2860 2884
2861 2885
2862 2886
2863 2887
2864 2888
2865 2889
2866 2890
2867 2891
2868 2892
2869 2893
2870 2894
2871 2895
2872 2896
2873 2897
2874 2898
2875 2899
2876 2900
2877 2901
2878 2902
2879 2903
2880 2904
2881 2905
2882 2906
2883 2907
2884 2908
2885 2909
2886 2910
2887 2911
2888 2912
2889 2913
2890 2914
2891 2915
2892 2916
2893 2917
2894 2918
2895 2919
2896 2920
2897 2921
2898 2922
2899 2923
2900 2924
2901 2925
2902 2926
2903 2927
2904 2928
2905 2929
2906 2930
2907 2931
2908 2932
2909 2933
2910 2934
2911 2935
2912 2936
2913 2937
2914 2938
2915 2939
2916 2940
2917 2941
2918 2942
2919 2943
2920 2944
2921 2945
2922 2946
2923 2947
2924 2948
2925 2949
2926 2950
2927 2951
2928 2952
2929 2953
2930 2954
2931 2955
2932 2956
2933 2957
2934 2958
2935 2959
2936 2960
2937 2961
2938 2962
2939 2963
2940 2964
2941 2965
2942 2966
2943 2967
2944 2968
2945 2969
2946 2970
2947 2971
2948 2972
2949 2973
2950 2974
2951 2975
2952 2976
2953 2977
2954 2978
2955 2979
2956 2980
2957 2981
2958 2982
2959 2983
2960 2984
2961 2985
2962 2986
2963 2987
2964 2988
2965 2989
2966 2990
2967 2991
2968 2992
2969 2993
2970 2994
2971 2995
2972 2996
2973 2997
2974 2998
2975 2999
2976 3000
2977 3001
2978 3002
2979 3003
2980 3004
2981 3005
2982 3006
2983 3007
2984 3008
2985 3009
2986 3010
2987 3011
2988 3012
2989 3013
2990 3014
2991 3015
2992 3016
2993 3017
2994 3018
2995 3019
2996 3020
2997 3021
2998 3022
2999 3023
3000 3024
3001 3025
3002 3026
3003 3027
3004 3028
3005 3029
3006 3030
3007 3031
3008 3032
3009 3033
3010 3034
3011 3035
3012 3036
3013 3037
3014 3038
3015 3039
3016 3040
3017 3041
3018 3042
3019 3043
3020 3044
3021 3045
3022 3046
3023 3047
3024 3048
3025 3049
3026 3050
3027 3051
3028 3052
3029 3053
3030 3054
3031 3055
3032 3056
3033 3057
3034 3058
3035 3059
3036 3060
3037 3061
3038 3062
3039 3063
3040 3064
3041 3065
3042 3066
3043 3067
3044 3068
3045 3069
3046 3070
3047 3071
3048 3072
3049 3073
3050 3074
3051 3075
3052 3076
3053 3077
3054 3078
3055 3079
3056 3080
3057 3081
3058 3082
3059 3083
3060 3084
3061 3085
3062 3086
3063 3087
3064 3088
3065 3093
3066 3090
3067 3091
3068 3092
3069 3093
3070 3094
3071 3095
3072 3096
3073 3097
3074 3098
3075 3099
3076 3100
3077 3101
3078 3102
3079 3103
3080 3104
3081 3105
3082 3106
3083 3107
3084 3108
3085 3109
3086 3110
3087 3111
3088 3112
3089 3113
3090 3114
3091 3115
3092 3116
3093 3117
3094 3118
3095 3119
3096 3120
3097 3121
3098 3122
3099 3123
3100 3124
3101 3125
3102 3126
3103 3127
3104 3128
3105 3129
3106 3130
3107 3131
3108 3132
3109 3133
3110 3134
3111 3135
3112 3136
3113 3137
3114 3138
3115 3139
3116 3140
3117 3141
3118 3142
3119 3143
3120 3144
3121 3145
3122 3146
3123 3147
3124 3148
3125 3149
3126 3150
3127 3151
3128 3152
3129 3153
3130 3154
3131 3155
3132 3156
3133 3157
3134 3158
3135 3159
3136 3160
3137 3161
3138 3162
3139 3163
3140 3164
3141 3165
3142 3166
3143 3167
3144 3168
3145 3169
3146 3170
3147 3171
3148 3172
3149 3173
3150 3174
3151 3175
3152 3176
3153 3177
3154 3178
3155 3179
3156 3180
3157 3181
3158 3182
3159 3183
3160 3184
3161 3185
3162 3186
3163 3187
3164 3188
3165 3189
3166 3190
3167 3191
3168 3192
3169 3193
3170 3194
3171 3195
3172 3196
3173 3197
3174 3198
3175 3199
3176 3200
3177 3201
3178 3202
3179 3203
3180 3204
3181 3205
3182 3206
3183 3207
3184 3208
3185 3209
3186 3210
3187 3211
3188 3212
3189 3213
3190 3214
3191 3215
3192 3216
3193 3217
3194 3218
3195 3219
3196 3220
3197 3221
3198 3222
3199 3223
3200 3224
3201 3225
3202 3226
3203 3227
3204 3228
3205 3229
3206 3230
3207 3231
3208 3232
3209 3233
3210 3234
3211 3235
3212 3236
3213 3237
3214 3238
3215 3239
3216 3240
3217 3241
3218 3242
3219 3243
3220 3244
3221 3245
3222 3246
3223 3247
3224 3248
3225 3249
3226 3250
3227 3251
3228 3252
3229 3253
3230 3254
3231 3255
3232 3256
3233 3257
3234 3258
3235 3259
3236 3260
3237 3261
3238 3262
3239 3263
3240 3264
3241 3265
3242 3266
3243 3267
3244 3268
3245 3269
3246 3270
3247 3271
3248 3272
3249 3273
3250 3274
3251 3275
3252 3276
3253 3277
3254 3278
3255 3279
3256 3280
3257 3281
3258 3282
3259 3283
3260 3284
3261 3285
3262 3286
3263 3287
3264 3288
3265 3289
3266 3290
3267 3291
3268 3292
3269 3293
3270 3294
3271 3295
3272 3296
3273 3297
3274 3298
3275 3299
3276 3300
3277 3301
3278 3302
3279 3303
3280 3304
3281 3305
3282 3306
3283 3307
3284 3308
3285 3309
3286 3310
3287 3311
3288 3312
3289 3313
3290 3314
3291 3315
3292 3316
3293 3317
3294 3318
3295 3319
3296 3320
3297 3321
3298 3322
3299 3323
3300 3324
3301 3325
3302 3326
3303 3327
3304 3328
3305 3329
3306 3330
3307 3331
3308 3332
3309 3333
3310 3334
3311 3335
3312 3336
3313 3337
3314 3338
3315 3339
3316 3340
3317 3341
3318 3342
3319 3343
3320 3344
3321 3345
3322 3346
3323 3347
3324 3348
3325 3349
3326 3350
3327 3351
3328 3352
3329 3353
3330 3354
3331 3355
3332 3356
3333 3357
3334 3358
3335 3359
3336 3360
3337 3361
3338 3362
3339 3363
3340 3364
3341 3365
3342 3366
3343 3367
3344 3368
3345 3369
3346 3370
3347 3371
3348 3372
3349 3373
3350 3374
3351 3375
3352 3376
3353 3377
3354 3378
3355 3379
3356 3380
3357 3381
3358 3382
3359 3383
3360 3384
3361 3385
3362 3386
3363 3387
3364 3388
3365 3389
3366 3390
3367 3391
3368 3392
3369 3393
3370 3394
3371 3395
3372 3396
3373 3397
3374 3398
3375 3399
3376 3400
3377 3401
3378 3402
3379 3403
3380 3404
3381 3405
3382 3406
3383 3407
3384 3408
3385 3409
3386 3410
3387 3411
3388 3412
3389 3413
3390 3414
3391 3415
3392 3416
3393 3417
3394 3418
3395 3419
3396 3420
3397 3421
3398 3422
3399 3423
3400 3424
3401 3425
3402 3426
3403 3427
3404 3428
3405 3429
3406 3430
3407 3431
3408 3432
3409 3433
3410 3434
3411 3435
3412 3436
3413 3437
3414 3438
3415 3439
3416 3440
3417 3441
3418 3442
3419 3443
3420 3444
3421 3445
3422 3446
3423 3447
3424 3448
3425 3449
3426 3450
3427 3451
3428 3452
3429 3453
3430 3454
3431 3455
3432 3456
3433 3457
3434 3458
3435 3459
3436 3460
3437 3461
3438 3462
3439 3463
3440 3464
3441 3465
3442 3466
3443 3467
3444 3468
3445 3469
3446 3470
3447 3471
3448 3472
3449 3473
3450 3474
3451 3475
3452 3476
3453 3477
3454 3478
3455 3479
3456 3480
3457 3481
3458 3482
3459 3483
3460 3484
3461 3485
3462 3486
3463 3487
3464 3488
3465 3489
3466 3490
3467 3491
3468 3492
3469 3493
3470 3494
3471 3495
3472 3496
3473 3497
3474 3498
3475 3499
3476 3500
3477 3501
3478 3502
3479 3503
3480 3504
3481 3505
3482 3506
3483 3507
3484 3508
3485 3509
3486 3510
3487 3511
3488 3512
3489 3513
3490 3514
3491 3515
3492 3516
3493 3517
3494 3518
3495 3519
3496 3520
3497 3521
3498 3522
3499 3523
3500 3524
3501 3525
3502 3526
3503 3527
3504 3528
3505 3529
3506 3530
3507 3531
3508 3532
3509 3533
3510 3534
3511 3535
3512 3536
3513 3537
3514 3538
3515 3539
3516 3540
3517 3541
3518 3542
3519 3543
3520 3544
3521 3545
3522 3546
3523 3547
3524 3548
3525 3549
3526 3550
3527 3551
3528 3552
3529 3553
3530 3554
3531 3555
3532 3556
3533 3557
3534 3558
3535 3559
3536 3560
3537 3561
3538 3562
3539 3563
3540 3564
3541 3565
3542 3566
3543 3567
3544 3568
3545 3569
3546 3570
3547 3571
3548 3572
3549 3573
3550 3574
3551 3575
3552 3576
3553 3577
3554 3578
3555 3579
3556 3580
3557 3581
3558 3582
3559 3583
3560 3584
3561 3585
3562 3586
3563 3587
3564 3588
3565 3589
3566 3590
3567 3591
3568 3592
3569 3593
3570 3594
3571 3595
3572 3596
3573 3597
3574 3598
3575 3599
3576 3604
3577 3601
3578 3602
3579 3603
3580 3604
3581 3605
3582 3606
3583 3607
3584 3616
3585 3617
3586 3618
3587 3619
3588 3620
3589 3621
3590 3622
3591 3623
3592 3624
3593 3625
3594 3626
3595 3627
3596 3628
3597 3629
3598 3630
3599 3631
3600 3632
3601 3633
3602 3634
3603 3635
3604 3636
3605 3637
3606 3638
3607 3639
3608 3640
3609 3641
3610 3642
3611 3643
3612 3644
3613 3645
3614 3646
3615 3647
3616 3648
3617 3649
3618 3650
3619 3651
3620 3652
3621 3653
3622 3654
3623 3655
3624 3656
3625 3657
3626 3658
3627 3659
3628 3660
3629 3661
3630 3662
3631 3663
3632 3664
3633 3665
3634 3666
3635 3667
3636 3668
3637 3669
3638 3670
3639 3671
3640 3672
3641 3673
3642 3674
3643 3675
3644 3676
3645 3677
3646 3678
3647 3679
3648 3680
3649 3681
3650 3682
3651 3683
3652 3684
3653 3685
3654 3686
3655 3687
3656 3688
3657 3689
3658 3690
3659 3691
3660 3692
3661 3693
3662 3694
3663 3695
3664 3696
3665 3697
3666 3698
3667 3699
3668 3700
3669 3701
3670 3702
3671 3703
3672 3704
3673 3705
3674 3706
3675 3707
3676 3708
3677 3709
3678 3710
3679 3711
3680 3712
3681 3713
3682 3714
3683 3715
3684 3716
3685 3717
3686 3718
3687 3719
3688 3720
3689 3721
3690 3722
3691 3723
3692 3724
3693 3725
3694 3726
3695 3727
3696 3728
3697 3729
3698 3730
3699 3731
3700 3732
3701 3733
3702 3734
3703 3735
3704 3736
3705 3737
3706 3738
3707 3739
3708 3740
3709 3741
3710 3742
3711 3743
3712 3744
3713 3745
3714 3746
3715 3747
3716 3748
3717 3749
3718 3750
3719 3751
3720 3752
3721 3753
3722 3754
3723 3755
3724 3756
3725 3757
3726 3758
3727 3759
3728 3760
3729 3761
3730 3762
3731 3763
3732 3764
3733 3765
3734 3766
3735 3767
3736 3768
3737 3769
3738 3770
3739 3771
3740 3772
3741 3773
3742 3774
3743 3775
3744 3776
3745 3777
3746 3778
3747 3779
3748 3780
3749 3781
3750 3782
3751 3783
3752 3784
3753 3785
3754 3786
3755 3787
3756 3788
3757 3789
3758 3790
3759 3791
3760 3792
3761 3793
3762 3794
3763 3795
3764 3796
3765 3797
3766 3798
3767 3799
3768 3800
3769 3801
3770 3802
3771 3803
3772 3804
3773 3805
3774 3806
3775 3807
3776 3808
3777 3809
3778 3810
3779 3811
3780 3812
3781 3813
3782 3814
3783 3815
3784 3816
3785 3817
3786 3818
3787 3819
3788 3820
3789 3821
3790 3822
3791 3823
3792 3824
3793 3825
3794 3826
3795 3827
3796 3828
3797 3829
3798 3830
3799 3831
3800 3832
3801 3833
3802 3834
3803 3835
3804 3836
3805 3837
3806 3838
3807 3839
3808 3840
3809 3841
3810 3842
3811 3843
3812 3844
3813 3845
3814 3846
3815 3847
3816 3848
3817 3849
3818 3850
3819 3851
3820 3852
3821 3853
3822 3854
3823 3855
3824 3856
3825 3857
3826 3858
3827 3859
3828 3860
3829 3861
3830 3862
3831 3863
3832 3864
3833 3865
3834 3866
3835 3867
3836 3868
3837 3869
3838 3870
3839 3871
3840 3872
3841 3873
3842 3874
3843 3875
3844 3876
3845 3877
3846 3878
3847 3879
3848 3880
3849 3881
3850 3882
3851 3883
3852 3884
3853 3885
3854 3886
3855 3887
3856 3888
3857 3889
3858 3890
3859 3891
3860 3892
3861 3893
3862 3894
3863 3895
3864 3896
3865 3897
3866 3898
3867 3899
3868 3900
3869 3901
3870 3902
3871 3903
3872 3904
3873 3905
3874 3906
3875 3907
3876 3908
3877 3909
3878 3910
3879 3911
3880 3912
3881 3913
3882 3914
3883 3915
3884 3916
3885 3917
3886 3918
3887 3919
3888 3920
3889 3921
3890 3922
3891 3923
3892 3924
3893 3925
3894 3926
3895 3927
3896 3928
3897 3929
3898 3930
3899 3931
3900 3932
3901 3933
3902 3934
3903 3935
3904 3936
3905 3937
3906 3938
3907 3939
3908 3940
3909 3941
3910 3942
3911 3943
3912 3944
3913 3945
3914 3946
3915 3947
3916 3948
3917 3949
3918 3950
3919 3951
3920 3952
3921 3953
3922 3954
3923 3955
3924 3956
3925 3957
3926 3958
3927 3959
3928 3960
3929 3961
3930 3962
3931 3963
3932 3964
3933 3965
3934 3966
3935 3967
3936 3968
3937 3969
3938 3970
3939 3971
3940 3972
3941 3973
3942 3974
3943 3975
3944 3976
3945 3977
3946 3978
3947 3979
3948 3980
3949 3981
3950 3982
3951 3983
3952 3984
3953 3985
3954 3986
3955 3987
3956 3988
3957 3989
3958 3990
3959 3991
3960 3992
3961 3993
3962 3994
3963 3995
3964 3996
3965 3997
3966 3998
3967 3999
3968 4000
3969 4001
3970 4002
3971 4003
3972 4004
3973 4005
3974 4006
3975 4007
3976 4008
3977 4009
3978 4010
3979 4011
3980 4012
3981 4013
3982 4014
3983 4015
3984 4016
3985 4017
3986 4018
3987 4019
3988 4020
3989 4021
3990 4022
3991 4023
3992 4024
3993 4025
3994 4026
3995 4027
3996 4028
3997 4029
3998 4030
3999 4031
4000 4032
4001 4033
4002 4034
4003 4035
4004 4036
4005 4037
4006 4038
4007 4039
4008 4040
4009 4041
4010 4042
4011 4043
4012 4044
4013 4045
4014 4046
4015 4047
4016 4048
4017 4049
4018 4050
4019 4051
4020 4052
4021 4053
4022 4054
4023 4055
4024 4056
4025 4057
4026 4058
4027 4059
4028 4060
4029 4061
4030 4062
4031 4063
4032 4064
4033 4065
4034 4066
4035 4067
4036 4068
4037 4069
4038 4070
4039 4071
4040 4072
4041 4073
4042 4074
4043 4075
4044 4076
4045 4077
4046 4078
4047 4079
4048 4080
4049 4081
4050 4082
4051 4083
4052 4084
4053 4085
4054 4086
4055 4087
4056 4088
4057 4089
4058 4090
4059 4091
4060 4092
4061 4093
4062 4094
4063 4095
4064 4096
4065 4097
4066 4098
4067 4099
4068 4100
4069 4101
4070 4102
4071 4103
4072 4104
4073 4105
4074 4106
4075 4107
4076 4108
4077 4109
4078 4110
4079 4111
4080 4112
4081 4113
4082 4114
4083 4115
4084 4116
4085 4117
4086 4118
4087 4123
4088 4120
4089 4121
4090 4122
4091 4123
4092 4124
4093 4125
4094 4126
